image: /home/ehecatl/map_expl_eval2_cartographer.pgm
resolution: 0.050000
origin: [-11.313715, -10.979154, 0.000000]
negate: 0
occupied_thresh: 0.65
free_thresh: 0.196

