image: /home/tra/map_sergio01.pgm
resolution: 0.050000
origin: [-10.274999, -10.274999, 0.000000]
negate: 0
occupied_thresh: 0.65
free_thresh: 0.196

