image: /home/ehecatl/map_cartographer2d_rc2016exp1.pgm
resolution: 0.050000
origin: [-0.742260, -2.351736, 0.000000]
negate: 0
occupied_thresh: 0.65
free_thresh: 0.196

